1754972207641 0.7678086757659912 0
1754972511000 0.6319335699081421 1
1754972813234 0.6122387051582336 2
1754973120820 0.5998638272285461 3
1754973426688 0.5486752986907959 4
1754973731468 0.5665080547332764 5
1754974037106 0.5396724939346313 6
1754974343233 0.5191745758056641 7
1754974648170 0.4975739121437073 8
1754974951788 0.5226035714149475 9
1754975297566 0.5055413842201233 10
1754975602130 0.48541152477264404 11
1754975906318 0.49486833810806274 12
1754976210763 0.48990198969841003 13
1754976514860 0.49576401710510254 14
1754976819854 0.4866301715373993 15
1754977130749 0.46187326312065125 16
1754977442428 0.4681912660598755 17
1754977755505 0.4558778405189514 18
1754977971555 0.462844580411911 19
1754978149620 0.47891655564308167 20
1754978295129 0.46554329991340637 21
1754978441735 0.4512207508087158 22
1754978587453 0.45694926381111145 23
1754978732381 0.44895508885383606 24
1754978876757 0.446795254945755 25
1754979020686 0.442740797996521 26
1754979164931 0.45115214586257935 27
1754979309637 0.434860497713089 28
1754979453391 0.4485097825527191 29
1754979631991 0.46428170800209045 30
1754979777104 0.4260267913341522 31
1754979921068 0.42743030190467834 32
1754980065548 0.42545992136001587 33
1754980209359 0.43078434467315674 34
1754980353078 0.4269680976867676 35
1754980496547 0.42418697476387024 36
1754980640897 0.4287082552909851 37
1754980785835 0.42327022552490234 38
1754980949508 0.4289087951183319 39
1754981134807 0.41551709175109863 40
1754981278809 0.41269582509994507 41
1754981423981 0.40906035900115967 42
1754981568980 0.41762658953666687 43
1754981713048 0.4066736698150635 44
1754981858877 0.41043776273727417 45
1754982016068 0.4024973213672638 46
1754982162374 0.41623902320861816 47
1754982306485 0.4023212194442749 48
1754982451028 0.4001901149749756 49
1754982639804 0.40611109137535095 50
1754982784427 0.3928143382072449 51
1754982930226 0.3900458812713623 52
1754983075675 0.3875546157360077 53
1754983250683 0.39725571870803833 54
1754983395439 0.3919627070426941 55
1754983539341 0.39188504219055176 56
1754983713680 0.3983736038208008 57
1754983857859 0.3815023899078369 58
1754984004083 0.3849751055240631 59
1754984294161 0.3837057650089264 60
1754984553605 0.3778054118156433 61
1754984807318 0.3782399296760559 62
1754985060584 0.3774285316467285 63
1754985315942 0.3764145076274872 64
1754985578460 0.3785758912563324 65
1754985830297 0.3707263171672821 66
1754986094695 0.37876981496810913 67
1754986345952 0.3671705722808838 68
1754986597195 0.3615421950817108 69
1754986890858 0.36096569895744324 70
1754987131727 0.3589783310890198 71
1754987393372 0.363526314496994 72
1754987657063 0.3604241609573364 73
1754987910838 0.35673069953918457 74
1754988147372 0.36212414503097534 75
1754988391776 0.36048293113708496 76
1754988638675 0.3629458546638489 77
1754988890668 0.3542765974998474 78
1754989156638 0.35228949785232544 79
1754989442706 0.353372186422348 80
1754989682899 0.34924378991127014 81
1754989925357 0.35033461451530457 82
1754990170695 0.3499826192855835 83
1754990416163 0.35745689272880554 84
1754990664546 0.34882110357284546 85
1754990910425 0.34314656257629395 86
1754991090198 0.3342430293560028 87
1754991237541 0.33689969778060913 88
1754991385985 0.3409923315048218 89
1754991625419 0.3574676513671875 90
1754991867801 0.33608323335647583 91
1754992106625 0.3355167806148529 92
1754992352093 0.33709874749183655 93
1754992596016 0.32941165566444397 94
1754992841265 0.33281761407852173 95
1754993096049 0.3239257037639618 96
1754993344192 0.3288852870464325 97
1754993591987 0.32492795586586 98
1754993869070 0.3341609239578247 99
1754994112720 0.32442671060562134 100
1754994359196 0.31656649708747864 101
1754994605556 0.32127562165260315 102
1754994848218 0.3198689818382263 103
1754995088747 0.33355098962783813 104
1754995322592 0.3184152841567993 105
1754995559168 0.31374219059944153 106
1754995799926 0.3168669044971466 107
1754996080204 0.320374995470047 108
1754996319489 0.3139457702636719 109
1754996555728 0.3115629553794861 110
1754996790939 0.31346023082733154 111
1754997027256 0.3093564808368683 112
1754997266254 0.30605554580688477 113
1754997500912 0.31724172830581665 114
1754997744142 0.3077172040939331 115
1754997983684 0.3033667504787445 116
1754998268406 0.2970026135444641 117
1754998510745 0.3025938868522644 118
1754998758475 0.307529091835022 119
1754999005346 0.3025108873844147 120
1754999249536 0.30324622988700867 121
1754999500353 0.3041987121105194 122
1754999750812 0.29349973797798157 123
1755000007429 0.2989729642868042 124
1755000261892 0.29432857036590576 125
1755000559485 0.29670628905296326 126
1755000813753 0.29371118545532227 127
1755001065702 0.2925510108470917 128
1755001318770 0.2864622175693512 129
1755001574466 0.2908036708831787 130
1755001823038 0.2850397229194641 131
1755002080284 0.2819189429283142 132
1755002335124 0.29104384779930115 133
1755002591749 0.2793804407119751 134
1755002885317 0.2847956717014313 135
1755003138964 0.2857237458229065 136
1755003391255 0.28136101365089417 137
1755003658747 0.28413817286491394 138
1755003905923 0.28885307908058167 139
1755004158018 0.28015339374542236 140
1755004409349 0.2819567918777466 141
1755004663403 0.28479161858558655 142
1755004915549 0.2806435525417328 143
1755005210797 0.2811918258666992 144
1755005448849 0.28008484840393066 145
1755005690988 0.2738982141017914 146
1755005936484 0.2697570323944092 147
1755006176788 0.2682846486568451 148
1755006413931 0.26700353622436523 149
1755006648139 0.27160215377807617 150
1755006896207 0.26906269788742065 151
1755007149902 0.2810761332511902 152
1755007440062 0.2680647373199463 153
1755007680457 0.2663564383983612 154
1755007924472 0.2692829370498657 155
1755008167189 0.26671093702316284 156
1755008417378 0.2600491940975189 157
1755008671728 0.26146554946899414 158
1755008926096 0.2687099874019623 159
1755009180045 0.2611987292766571 160
1755009474679 0.2606886029243469 161
1755009718657 0.26016438007354736 162
1755009959289 0.2610962986946106 163
1755010213600 0.25913166999816895 164
1755010467564 0.26436907052993774 165
1755010721932 0.26055893301963806 166
1755010975918 0.25271812081336975 167
1755011229570 0.2555146813392639 168
1755011509144 0.25159159302711487 169
1755011757625 0.25367170572280884 170
1755012011281 0.25542548298835754 171
1755012266512 0.2549223303794861 172
1755012519903 0.258568674325943 173
1755012774693 0.2515488862991333 174
1755013019970 0.2517264485359192 175
1755013278854 0.25204792618751526 176
1755013570055 0.2427077293395996 177
1755013829603 0.24844051897525787 178
1755014091771 0.249997079372406 179
1755014351512 0.2526751458644867 180
1755014622824 0.2437610924243927 181
1755014874092 0.24415574967861176 182
1755015125110 0.2450159788131714 183
1755015377768 0.24486665427684784 184
1755015664531 0.24299116432666779 185
1755015896401 0.24372148513793945 186
1755016135638 0.2437797486782074 187
1755016376617 0.23936061561107635 188
1755016619532 0.23851117491722107 189
1755016863751 0.24452798068523407 190
1755017117838 0.23741085827350616 191
1755017367236 0.23529475927352905 192
1755017650437 0.23035311698913574 193
1755017899213 0.23729076981544495 194
1755018154537 0.23746392130851746 195
1755018407739 0.23753716051578522 196
1755018644852 0.2348700612783432 197
1755018892126 0.23969784379005432 198
1755019145799 0.23388954997062683 199
1755019397331 0.23572400212287903 200
1755019681250 0.23381486535072327 201
1755019931833 0.23133063316345215 202
1755020184949 0.23019291460514069 203
1755020427000 0.22937095165252686 204
1755020679497 0.23594792187213898 205
1755020934616 0.23635730147361755 206
1755021188347 0.22935223579406738 207
1755021479712 0.23282712697982788 208
1755021727469 0.2282189130783081 209
1755021981408 0.22684863209724426 210
1755022232969 0.22468173503875732 211
1755022484491 0.22503197193145752 212
1755022741022 0.22595858573913574 213
1755022996127 0.22515372931957245 214
1755023277674 0.22961600124835968 215
1755023529659 0.21724557876586914 216
1755023783272 0.2238861620426178 217
1755024033489 0.22591321170330048 218
1755024291815 0.22264039516448975 219
1755024547811 0.22357846796512604 220
1755024801873 0.22744141519069672 221
1755025086584 0.2239997237920761 222
1755025331043 0.22745278477668762 223
1755025574902 0.22182244062423706 224
1755025821007 0.216453418135643 225
1755026062183 0.21760065853595734 226
1755026295344 0.21779654920101166 227
1755026538035 0.21591414511203766 228
1755026821301 0.21826811134815216 229
1755027060817 0.21974290907382965 230
1755027296046 0.2172297239303589 231
1755027529823 0.21089884638786316 232
1755027765813 0.2175358235836029 233
1755028008839 0.21615758538246155 234
1755028280211 0.22097933292388916 235
1755028521603 0.21350139379501343 236
1755028762963 0.2098758965730667 237
1755029007200 0.21687261760234833 238
1755029251399 0.2178373634815216 239
1755029506846 0.20972700417041779 240
1755029800689 0.2144070714712143 241
1755030042473 0.21728768944740295 242
1755030299276 0.21128380298614502 243
1755030557836 0.2130349725484848 244
1755030815038 0.21259206533432007 245
1755031073101 0.21418726444244385 246
1755031348422 0.21120236814022064 247
1755031604670 0.2094329446554184 248
1755031845231 0.21247683465480804 249
1755032099845 0.21028928458690643 250
1755032352686 0.2133188247680664 251
1755032596155 0.20802006125450134 252
1755032875612 0.2134588360786438 253
1755033119938 0.2078835815191269 254
1755033364099 0.2051616907119751 255
1755033615378 0.21174372732639313 256
1755033869411 0.21443139016628265 257
1755034164811 0.203008234500885 258
1755034421366 0.2077345997095108 259
1755034677469 0.20815351605415344 260
1755034933044 0.20574700832366943 261
1755035189060 0.20916996896266937 262
1755035483239 0.20822259783744812 263
1755035737495 0.20454514026641846 264
1755035992744 0.20843327045440674 265
1755036244207 0.2033253014087677 266
1755036500509 0.21146689355373383 267
1755036802186 0.20888414978981018 268
1755037051600 0.20260360836982727 269
1755037291835 0.20457080006599426 270
1755037535205 0.201730415225029 271
1755037816528 0.20666255056858063 272
1755038068711 0.20371901988983154 273
1755038321382 0.21165315806865692 274
1755038577175 0.21059779822826385 275
1755038868778 0.20140016078948975 276
1755039118504 0.20804592967033386 277
1755039367736 0.20967914164066315 278
1755039619542 0.20542800426483154 279
1755039912256 0.2048315554857254 280
1755040159576 0.20050132274627686 281
1755040414746 0.20507685840129852 282
1755040692201 0.2033478021621704 283
1755040941610 0.20596547424793243 284
1755041181345 0.20716065168380737 285
1755041466695 0.20498330891132355 286
1755041707316 0.20307818055152893 287
1755041945521 0.20389066636562347 288
1755042226960 0.20129047334194183 289
1755042477606 0.20537053048610687 290
1755042764759 0.2038612961769104 291
1755043015704 0.20395757257938385 292
1755043288608 0.20793558657169342 293
1755043528767 0.2038831114768982 294
1755043803330 0.2010059356689453 295
1755044045382 0.2066686898469925 296
1755044329044 0.20321106910705566 297
1755044666391 0.2068384289741516 298
1755044985428 0.20610518753528595 299
