1755045291254 0.7792841196060181 0
1755045536867 0.6330914497375488 1
1755045777001 0.6312190890312195 2
1755046028054 0.6454611420631409 3
1755046284645 0.5672144889831543 4
1755046540491 0.5536532998085022 5
1755046805046 0.5448870658874512 6
1755047064862 0.5251460075378418 7
1755047325773 0.5245789289474487 8
1755047585757 0.5163410902023315 9
1755047885759 0.522458553314209 10
1755048137695 0.5008328557014465 11
1755048390794 0.5027977824211121 12
1755048645974 0.4904167950153351 13
1755048912078 0.4920239746570587 14
1755049177243 0.48253700137138367 15
1755049440839 0.47277113795280457 16
1755049703441 0.4883384704589844 17
1755049961608 0.4687988758087158 18
1755050220684 0.4601318836212158 19
1755050539689 0.47479528188705444 20
1755050790659 0.45904451608657837 21
1755051045040 0.456498384475708 22
1755051300458 0.4453476071357727 23
1755051560187 0.4659942388534546 24
1755051822769 0.44967710971832275 25
1755052084166 0.4587530791759491 26
1755052349426 0.4402031898498535 27
1755052611810 0.43872347474098206 28
1755052869469 0.4369107782840729 29
1755053165390 0.430355042219162 30
1755053423837 0.43466588854789734 31
1755053676454 0.4415980577468872 32
1755053940572 0.4349471628665924 33
1755054195018 0.4349386692047119 34
1755054452496 0.425249308347702 35
1755054707384 0.4237540662288666 36
1755054977452 0.43454909324645996 37
1755055238195 0.4195578396320343 38
1755055508484 0.4236898422241211 39
1755055824632 0.4314135015010834 40
1755056083148 0.4189034700393677 41
1755056332486 0.4155008792877197 42
1755056587694 0.43197816610336304 43
1755056848676 0.42199015617370605 44
1755057101308 0.41152215003967285 45
1755057359880 0.40693631768226624 46
1755057612743 0.41260120272636414 47
1755057872545 0.4079740047454834 48
1755058134253 0.4020937979221344 49
1755058379614 0.42422983050346375 50
1755058525366 0.39846909046173096 51
1755058671030 0.39458250999450684 52
1755058817719 0.3959120213985443 53
1755058970916 0.40856385231018066 54
1755059129201 0.401710569858551 55
1755059275111 0.39147457480430603 56
1755059420684 0.40382346510887146 57
1755059566390 0.4055424928665161 58
1755059712187 0.4008544385433197 59
1755059908994 0.38562917709350586 60
1755060056522 0.38935697078704834 61
1755060343336 0.3853842318058014 62
1755060784038 0.39119505882263184 63
1755061222509 0.3853856027126312 64
1755061657674 0.38300055265426636 65
1755062089655 0.3846417963504791 66
1755062407911 0.3906298577785492 67
1755062821263 0.38443970680236816 68
1755063227731 0.36638882756233215 69
1755063731286 0.3671906590461731 70
1755064057949 0.37429362535476685 71
1755064470633 0.36847659945487976 72
1755064906386 0.3702237904071808 73
1755065369319 0.3819219768047333 74
1755065756802 0.3688946068286896 75
1755066058190 0.3628052771091461 76
1755066354831 0.37292709946632385 77
1755066655652 0.36314472556114197 78
1755066903740 0.3662012219429016 79
1755067229711 0.3620761036872864 80
1755067503302 0.3652191162109375 81
1755067777989 0.35553601384162903 82
1755068070016 0.36493682861328125 83
1755068318016 0.3547537326812744 84
1755068569109 0.3524799942970276 85
1755068871814 0.3532664179801941 86
1755069139609 0.34769606590270996 87
1755069424822 0.3473142981529236 88
1755069699713 0.34459927678108215 89
1755070004644 0.3440374433994293 90
1755070288533 0.3440764546394348 91
1755070564864 0.34596332907676697 92
1755070855922 0.3445521891117096 93
1755071154627 0.337516725063324 94
1755071449492 0.34186631441116333 95
1755071744910 0.339741051197052 96
1755071972689 0.3436069190502167 97
1755072253614 0.3410864472389221 98
1755072571119 0.3398902714252472 99
1755072851635 0.3367171883583069 100
1755073151316 0.32788199186325073 101
1755073446333 0.3277404308319092 102
1755073741751 0.3271768391132355 103
1755074036144 0.33418378233909607 104
1755074289404 0.3389836251735687 105
1755074540148 0.34106168150901794 106
1755074838808 0.3320462703704834 107
1755075136958 0.3187900185585022 108
1755075434784 0.32349276542663574 109
1755075776409 0.3176495134830475 110
1755076199505 0.32047411799430847 111
1755076521068 0.32402047514915466 112
1755076820579 0.31702345609664917 113
1755077114644 0.3090936243534088 114
1755077411089 0.31435397267341614 115
1755077665655 0.3141763210296631 116
1755077940765 0.32014167308807373 117
1755078224058 0.3135095238685608 118
1755078502950 0.3104981780052185 119
1755078773583 0.3089637756347656 120
1755079049791 0.30880454182624817 121
1755079343268 0.30998092889785767 122
1755079644255 0.3152056932449341 123
1755079942511 0.3033590018749237 124
1755080238011 0.3022989332675934 125
1755080514146 0.3031074106693268 126
1755080798736 0.3007124364376068 127
1755081079545 0.3043116629123688 128
1755081359164 0.3034418225288391 129
1755081646222 0.304181307554245 130
1755081930311 0.2983255684375763 131
1755082213343 0.2986873984336853 132
1755082506903 0.2917073965072632 133
1755082800418 0.29560405015945435 134
1755083121713 0.29693329334259033 135
1755083407613 0.2915288805961609 136
1755083701234 0.29287993907928467 137
1755083995457 0.2923799455165863 138
1755084287560 0.2922341525554657 139
1755084581235 0.2963547706604004 140
1755084873638 0.2927877902984619 141
1755085164448 0.2883928418159485 142
1755085461783 0.28659746050834656 143
1755085789751 0.2842181324958801 144
1755086076838 0.2823302745819092 145
1755086372152 0.28292807936668396 146
1755086664984 0.27930790185928345 147
1755086958224 0.27447444200515747 148
1755087251096 0.28134098649024963 149
1755087545351 0.281141459941864 150
1755087831363 0.2773551940917969 151
1755088122045 0.2777073383331299 152
1755088454097 0.2733049988746643 153
1755088745982 0.278033047914505 154
1755089041847 0.27777618169784546 155
1755089336776 0.27248063683509827 156
1755089632870 0.2753005623817444 157
1755089930331 0.2673206627368927 158
1755090224592 0.2706376314163208 159
1755090518289 0.28471606969833374 160
1755090855693 0.27405625581741333 161
1755091148085 0.2717742621898651 162
1755091440893 0.2641589045524597 163
1755091734813 0.2637178897857666 164
1755092029046 0.26257389783859253 165
1755092326800 0.258805513381958 166
1755092621702 0.2591821253299713 167
1755092917181 0.2623389661312103 168
1755093249280 0.26149803400039673 169
1755093540560 0.26009276509284973 170
1755093834573 0.26204195618629456 171
1755094127457 0.2630046606063843 172
1755094426481 0.2590581476688385 173
1755094721567 0.25904718041419983 174
1755095013627 0.26073384284973145 175
1755095301179 0.24964110553264618 176
1755095631733 0.26309335231781006 177
1755095927712 0.26083576679229736 178
1755096221385 0.259641170501709 179
1755096515125 0.2560316026210785 180
1755096809915 0.2563571631908417 181
1755097105673 0.24920974671840668 182
1755097403109 0.25151482224464417 183
1755097696575 0.2473529428243637 184
1755098029552 0.2519631087779999 185
1755098322961 0.2478100061416626 186
1755098616058 0.2478322684764862 187
1755098914337 0.2449544221162796 188
1755099206683 0.2490600347518921 189
1755099502330 0.2449275404214859 190
1755099793506 0.24496039748191833 191
1755100086517 0.24593712389469147 192
1755100418665 0.2427700310945511 193
1755100715429 0.2466096580028534 194
1755101012050 0.24786004424095154 195
1755101312937 0.2380712777376175 196
1755101612909 0.23863716423511505 197
1755101908674 0.24548617005348206 198
1755102206482 0.24372975528240204 199
1755102492179 0.24062195420265198 200
1755102825667 0.2391483634710312 201
1755103118531 0.2452496886253357 202
1755103414151 0.23934274911880493 203
1755103707213 0.23767751455307007 204
1755104001096 0.2374897003173828 205
1755104295181 0.23258523643016815 206
1755104589042 0.23594729602336884 207
1755104920383 0.2330019623041153 208
1755105217367 0.2335379719734192 209
1755105508236 0.23362329602241516 210
1755105801903 0.23404109477996826 211
1755106097092 0.23419030010700226 212
1755106391734 0.23476803302764893 213
1755106696987 0.23340611159801483 214
1755107025076 0.2280646711587906 215
1755107319171 0.22782883048057556 216
1755107612755 0.23099881410598755 217
1755107910560 0.2303135246038437 218
1755108203532 0.22737491130828857 219
1755108496032 0.23039774596691132 220
1755108789088 0.22587592899799347 221
1755109155855 0.22331978380680084 222
1755109446405 0.230680912733078 223
1755109732783 0.22488313913345337 224
1755110024406 0.22612078487873077 225
1755110314529 0.2211468517780304 226
1755110606307 0.2267129272222519 227
1755110901213 0.2271013706922531 228
1755111229723 0.2246798574924469 229
1755111518167 0.2231156975030899 230
1755111810717 0.22517716884613037 231
1755112103767 0.22244217991828918 232
1755112395663 0.2251976728439331 233
1755112689492 0.22139111161231995 234
1755113026398 0.2227538824081421 235
1755113318475 0.2213023155927658 236
1755113611071 0.22147083282470703 237
1755113902074 0.21818409860134125 238
1755114197218 0.21823547780513763 239
1755114487979 0.21803444623947144 240
1755114819812 0.21435292065143585 241
1755115112918 0.21783363819122314 242
1755115407779 0.2163788080215454 243
1755115697275 0.22131730616092682 244
1755115988544 0.21740441024303436 245
1755116280858 0.22045451402664185 246
1755116610419 0.21711742877960205 247
1755116895830 0.22044026851654053 248
1755117192595 0.21536001563072205 249
1755117484664 0.21611379086971283 250
1755117777072 0.22249074280261993 251
1755118070263 0.21648988127708435 252
1755118411145 0.21670521795749664 253
1755118701006 0.21670061349868774 254
1755118991798 0.21929098665714264 255
1755119284453 0.21333765983581543 256
1755119576962 0.21671569347381592 257
1755119907446 0.21893863379955292 258
1755120202016 0.21020859479904175 259
1755120492067 0.21094496548175812 260
1755120786521 0.21468326449394226 261
1755121078539 0.21416917443275452 262
1755121412419 0.2179928719997406 263
1755121703813 0.21076947450637817 264
1755121996913 0.2115001678466797 265
1755122292386 0.2131248116493225 266
1755122582791 0.21596364676952362 267
1755122923693 0.2125820517539978 268
1755123215379 0.2109868824481964 269
1755123505035 0.2163020521402359 270
1755123797738 0.2153918445110321 271
1755124121850 0.21653063595294952 272
1755124415333 0.21274396777153015 273
1755124709280 0.21779000759124756 274
1755125002828 0.2162030041217804 275
1755125335511 0.21568328142166138 276
1755125628099 0.21281208097934723 277
1755125918460 0.217278853058815 278
1755126211576 0.2129778414964676 279
1755126544378 0.21579191088676453 280
1755126834645 0.21188275516033173 281
1755127126993 0.21099279820919037 282
1755127456950 0.21499599516391754 283
1755127750415 0.2099071592092514 284
1755128042956 0.21364592015743256 285
1755128374812 0.2065380960702896 286
1755128665588 0.2136673629283905 287
1755128961729 0.21257030963897705 288
1755129294096 0.21472127735614777 289
1755129586713 0.2119067907333374 290
1755129953564 0.21117445826530457 291
1755130247486 0.2116834819316864 292
1755130605741 0.21273788809776306 293
1755130899652 0.20834822952747345 294
1755131237072 0.21378566324710846 295
1755131530617 0.21555747091770172 296
1755131860547 0.20928600430488586 297
1755132196765 0.20807494223117828 298
1755132544267 0.21440604329109192 299
