1755132926963 0.7955784201622009 0
1755133214000 0.6204918622970581 1
1755133501928 0.6326543688774109 2
1755133789207 0.5960192680358887 3
1755134075633 0.574377715587616 4
1755134363894 0.5460235476493835 5
1755134650170 0.5346445441246033 6
1755134936949 0.5353395342826843 7
1755135222849 0.5192599296569824 8
1755135510584 0.5075989365577698 9
1755135837270 0.5192880034446716 10
1755136124901 0.4936557114124298 11
1755136410630 0.4891359210014343 12
1755136696571 0.48512426018714905 13
1755136982935 0.4997967481613159 14
1755137268179 0.47128504514694214 15
1755137554246 0.46976545453071594 16
1755137704793 0.4646701514720917 17
1755137849988 0.47413748502731323 18
1755138028749 0.4953309893608093 19
1755138347459 0.4709063172340393 20
1755138627125 0.455831915140152 21
1755138905315 0.44460323452949524 22
1755139180017 0.45216381549835205 23
1755139448558 0.4610285758972168 24
1755139720586 0.44301533699035645 25
1755139990646 0.4520537853240967 26
1755140275751 0.4333672821521759 27
1755140547734 0.44178783893585205 28
1755140821202 0.435957670211792 29
1755141119298 0.4387176036834717 30
1755141266329 0.4281604588031769 31
1755141409619 0.43688416481018066 32
1755141555647 0.43002596497535706 33
1755141700775 0.4351232945919037 34
1755141853773 0.41710618138313293 35
1755141996562 0.4161328971385956 36
1755142157998 0.41888442635536194 37
1755142300142 0.42081230878829956 38
1755142459531 0.43307924270629883 39
1755142637417 0.40822961926460266 40
1755142780049 0.42444276809692383 41
1755142924162 0.4109593331813812 42
1755143067474 0.42274653911590576 43
1755143210200 0.41055211424827576 44
1755143352558 0.4105859100818634 45
1755143494681 0.40642523765563965 46
1755143636261 0.4087441563606262 47
1755143777880 0.3993329703807831 48
1755143920131 0.3976781368255615 49
1755144104173 0.4099571704864502 50
1755144266006 0.401432603597641 51
1755144411243 0.3999010920524597 52
1755144556348 0.39190220832824707 53
1755144715898 0.3970474898815155 54
1755144876077 0.3888048231601715 55
1755145020849 0.38741230964660645 56
1755145247884 0.39350444078445435 57
1755145529925 0.3863172233104706 58
1755145704686 0.3943764269351959 59
1755146029072 0.3973723351955414 60
1755146184693 0.3791449964046478 61
1755146436039 0.3752606213092804 62
1755146721930 0.3751232624053955 63
1755147006811 0.3839278221130371 64
1755147289359 0.3761892318725586 65
1755147573194 0.37497687339782715 66
1755147855748 0.3679146468639374 67
1755148138721 0.37306588888168335 68
1755148419936 0.3793345093727112 69
1755148738327 0.3739091753959656 70
1755149022494 0.365095317363739 71
1755149308370 0.3686855137348175 72
1755149592531 0.3613869249820709 73
1755149876324 0.360270619392395 74
1755150160697 0.36347445845603943 75
1755150444309 0.3598814606666565 76
1755150726295 0.3650093078613281 77
1755151009134 0.35566046833992004 78
1755151293348 0.35260286927223206 79
1755151614046 0.35205957293510437 80
1755151893959 0.3526637554168701 81
1755152174034 0.3542562425136566 82
1755152454145 0.3589283525943756 83
1755152735873 0.35107800364494324 84
1755153013207 0.34212732315063477 85
1755153292857 0.3474886417388916 86
1755153573083 0.34174779057502747 87
1755153851816 0.34551551938056946 88
1755154129860 0.3382544219493866 89
1755154445971 0.34512123465538025 90
1755154726165 0.3414134979248047 91
1755155005690 0.33443716168403625 92
1755155284821 0.3329298496246338 93
1755155565092 0.338879257440567 94
1755155846884 0.34030938148498535 95
1755156124483 0.33119770884513855 96
1755156401851 0.3352176249027252 97
1755156681492 0.3308597803115845 98
1755156999898 0.3307342231273651 99
1755157279660 0.3370087146759033 100
1755157558085 0.33089953660964966 101
1755157836900 0.32560333609580994 102
1755158115368 0.3209257125854492 103
1755158392986 0.32432135939598083 104
1755158672091 0.3203950822353363 105
1755158953976 0.3195359706878662 106
1755159237345 0.32967957854270935 107
1755159555749 0.31505051255226135 108
1755159841519 0.3150676190853119 109
1755160130827 0.32277071475982666 110
1755160414113 0.31810978055000305 111
1755160693543 0.3164113759994507 112
1755160974480 0.31560826301574707 113
1755161254089 0.31084397435188293 114
1755161534163 0.32474765181541443 115
1755161812161 0.30859339237213135 116
1755162129087 0.3172434866428375 117
1755162409744 0.30681905150413513 118
1755162688422 0.3029125928878784 119
1755162966156 0.30335476994514465 120
1755163245916 0.3048524260520935 121
1755163527292 0.3062573969364166 122
1755163806322 0.2986878752708435 123
1755164085021 0.312274694442749 124
1755164364796 0.2929156422615051 125
1755164678853 0.2986348271369934 126
1755164960027 0.29938197135925293 127
1755165243389 0.29516127705574036 128
1755165523333 0.2924887239933014 129
1755165802523 0.2911936938762665 130
1755166091064 0.2943684756755829 131
1755166371595 0.2969916760921478 132
1755166651135 0.2859199047088623 133
1755166930554 0.29260849952697754 134
1755167251425 0.28459465503692627 135
1755167529250 0.2832914888858795 136
1755167807564 0.2869359850883484 137
1755168088410 0.2827850580215454 138
1755168371956 0.29082533717155457 139
1755168649439 0.2852323055267334 140
1755168927973 0.2812434732913971 141
1755169208578 0.2817188799381256 142
1755169487298 0.27662500739097595 143
1755169804587 0.2781318426132202 144
1755170082784 0.27476608753204346 145
1755170362210 0.2749350666999817 146
1755170641837 0.27946850657463074 147
1755170920015 0.2721545696258545 148
1755171201245 0.27953866124153137 149
1755171479164 0.27240702509880066 150
1755171758688 0.2740170657634735 151
1755172038458 0.26695653796195984 152
1755172354427 0.2712010145187378 153
1755172633535 0.2701621949672699 154
1755172914208 0.27152419090270996 155
1755173192132 0.262735515832901 156
1755173472102 0.26743102073669434 157
1755173753014 0.26441243290901184 158
1755174032821 0.2681105136871338 159
1755174321714 0.27450767159461975 160
1755174638352 0.26613864302635193 161
1755174918097 0.2652985453605652 162
1755175207839 0.2616521120071411 163
1755175495279 0.25572651624679565 164
1755175773323 0.2563874125480652 165
1755176053119 0.2607683539390564 166
1755176331996 0.2620387673377991 167
1755176610066 0.2609800696372986 168
1755176922652 0.2604876160621643 169
1755177201925 0.25791966915130615 170
1755177483147 0.25133952498435974 171
1755177762103 0.25770825147628784 172
1755178040342 0.25937342643737793 173
1755178320072 0.2553846836090088 174
1755178600697 0.25448256731033325 175
1755178878821 0.24687637388706207 176
1755179193818 0.24757108092308044 177
1755179472490 0.24434496462345123 178
1755179755902 0.24662081897258759 179
1755180034664 0.24187053740024567 180
1755180312455 0.2470512092113495 181
1755180598109 0.24426090717315674 182
1755180879018 0.242008775472641 183
1755181156992 0.2477494478225708 184
1755181470186 0.243598073720932 185
1755181749713 0.24104337394237518 186
1755182028927 0.24567921459674835 187
1755182307085 0.24123547971248627 188
1755182586758 0.23960864543914795 189
1755182869091 0.2386438101530075 190
1755183154259 0.24470774829387665 191
1755183439599 0.24078664183616638 192
1755183758816 0.23308774828910828 193
1755184042564 0.24046936631202698 194
1755184324515 0.23420682549476624 195
1755184605627 0.23376312851905823 196
1755184886403 0.23675334453582764 197
1755185167162 0.2401793748140335 198
1755185447185 0.23598015308380127 199
1755185727033 0.2413700371980667 200
1755186044385 0.23170430958271027 201
1755186325227 0.2329959273338318 202
1755186605430 0.23425385355949402 203
1755186884634 0.22544404864311218 204
1755187164994 0.22846676409244537 205
1755187446578 0.2299925833940506 206
1755187729704 0.23386719822883606 207
1755188046464 0.22866642475128174 208
1755188326175 0.22733767330646515 209
1755188605881 0.22830305993556976 210
1755188890696 0.22696013748645782 211
1755189179089 0.2251359075307846 212
1755189460234 0.2242226004600525 213
1755189739975 0.23191386461257935 214
1755190054124 0.22660616040229797 215
1755190333917 0.22662532329559326 216
1755190614404 0.22930032014846802 217
1755190893476 0.22141878306865692 218
1755191173289 0.2233116626739502 219
1755191452313 0.22119420766830444 220
1755191732353 0.22102607786655426 221
1755192048407 0.2260540872812271 222
1755192327977 0.22080768644809723 223
1755192606229 0.21820415556430817 224
1755192884826 0.21977008879184723 225
1755193166668 0.22007377445697784 226
1755193445623 0.2208274006843567 227
1755193723625 0.216451033949852 228
1755194038221 0.21822386980056763 229
1755194330798 0.21569786965847015 230
1755194611011 0.2176716923713684 231
1755194892007 0.21921579539775848 232
1755195173183 0.21489286422729492 233
1755195456666 0.2164393663406372 234
1755195778754 0.21536080539226532 235
1755196061890 0.21624921262264252 236
1755196343199 0.2170526385307312 237
1755196624809 0.21834500133991241 238
1755196905409 0.21847516298294067 239
1755197185430 0.21331322193145752 240
1755197499792 0.20881612598896027 241
1755197781296 0.2161654382944107 242
1755198061857 0.21524040400981903 243
1755198342716 0.21136875450611115 244
1755198621211 0.21361759305000305 245
1755198906756 0.20950186252593994 246
1755199223516 0.20937255024909973 247
1755199503092 0.2072528600692749 248
1755199788648 0.21218419075012207 249
1755200068607 0.21069419384002686 250
1755200349076 0.20788434147834778 251
1755200629890 0.20483440160751343 252
1755200946305 0.2089761644601822 253
1755201234519 0.21016675233840942 254
1755201514399 0.21346686780452728 255
1755201793837 0.20907838642597198 256
1755202071339 0.20828686654567719 257
1755202391812 0.2071545422077179 258
1755202671402 0.2129504233598709 259
1755202953552 0.20839206874370575 260
1755203241365 0.20970216393470764 261
1755203518749 0.20563308894634247 262
1755203835411 0.20958499610424042 263
1755204118586 0.20879274606704712 264
1755204398722 0.2064788043498993 265
1755204677321 0.2096119076013565 266
1755204957274 0.2082359343767166 267
1755205272780 0.2101517915725708 268
1755205551712 0.20760565996170044 269
1755205829820 0.2028684765100479 270
1755206112842 0.21118280291557312 271
1755206427687 0.20985865592956543 272
1755206706773 0.20959638059139252 273
1755206985305 0.2016867697238922 274
1755207263690 0.205877423286438 275
1755207589740 0.20145677030086517 276
1755207868461 0.20408038794994354 277
1755208148126 0.2077411711215973 278
1755208429371 0.20548288524150848 279
1755208745138 0.20145796239376068 280
1755209025318 0.20632918179035187 281
1755209304855 0.20394110679626465 282
1755209618022 0.20728592574596405 283
1755209897991 0.20490950345993042 284
1755210178487 0.20486943423748016 285
1755210496361 0.20443327724933624 286
1755210776395 0.2064281404018402 287
1755211053350 0.20600247383117676 288
1755211366398 0.2071167528629303 289
1755211650171 0.20615054666996002 290
1755211969547 0.2097381353378296 291
1755212247964 0.202906996011734 292
1755212558815 0.2071148157119751 293
1755212838587 0.20622843503952026 294
1755213151004 0.2003309726715088 295
1755213430303 0.20581462979316711 296
1755213736036 0.20474421977996826 297
1755214050186 0.20681723952293396 298
1755214359550 0.20817667245864868 299
