1755300533239 0.7844918370246887 0
1755300812964 0.6410787105560303 1
1755301091825 0.6481484174728394 2
1755301371988 0.6161920428276062 3
1755301652392 0.5857740044593811 4
1755301930478 0.5765978693962097 5
1755302208944 0.5637127757072449 6
1755302489148 0.5373154878616333 7
1755302769181 0.5499175786972046 8
1755303047481 0.5319041013717651 9
1755303362826 0.5233893394470215 10
1755303642762 0.5083401799201965 11
1755303922304 0.4976849853992462 12
1755304201678 0.5140576362609863 13
1755304481911 0.5163929462432861 14
1755304763342 0.4958021938800812 15
1755305044021 0.49750933051109314 16
1755305323716 0.4906538128852844 17
1755305604040 0.4905874729156494 18
1755305884287 0.47301018238067627 19
1755306198135 0.47878092527389526 20
1755306476804 0.47291964292526245 21
1755306757554 0.47177860140800476 22
1755307038538 0.46324798464775085 23
1755307321213 0.4767281115055084 24
1755307602632 0.4610958397388458 25
1755307885778 0.45842304825782776 26
1755308169013 0.45052003860473633 27
1755308448581 0.45541098713874817 28
1755308728715 0.4500126540660858 29
1755309033980 0.4500928819179535 30
1755309314156 0.4478653371334076 31
1755309592290 0.4395131766796112 32
1755309872228 0.44106313586235046 33
1755310151923 0.43703532218933105 34
1755310430253 0.43241262435913086 35
1755310707690 0.4319952726364136 36
1755310987170 0.4282159209251404 37
1755311265214 0.42390933632850647 38
1755311542985 0.4360058903694153 39
1755311850743 0.442415326833725 40
1755312130322 0.4244106411933899 41
1755312410153 0.4250306189060211 42
1755312689008 0.41299358010292053 43
1755312965731 0.4211466610431671 44
1755313244841 0.4145120084285736 45
1755313523473 0.4274657964706421 46
1755313802188 0.4120936095714569 47
1755314081086 0.4133988916873932 48
1755314360904 0.43007615208625793 49
1755314666664 0.406196653842926 50
1755314943622 0.4045596420764923 51
1755315221959 0.40433621406555176 52
1755315500829 0.4079974889755249 53
1755315780264 0.3972621560096741 54
1755316058750 0.40214088559150696 55
1755316339559 0.3990457355976105 56
1755316619086 0.40859103202819824 57
1755316898741 0.4025413691997528 58
1755317176509 0.39680036902427673 59
1755317482694 0.39142364263534546 60
1755317762851 0.38886353373527527 61
1755318042722 0.4016561508178711 62
1755318320238 0.3867184519767761 63
1755318602262 0.3843621611595154 64
1755318887829 0.38737210631370544 65
1755319174302 0.3851137161254883 66
1755319459265 0.3937946557998657 67
1755319742683 0.3824247419834137 68
1755320025019 0.3735974133014679 69
1755320332898 0.380260705947876 70
1755320613503 0.3711041808128357 71
1755320894976 0.37519848346710205 72
1755321176790 0.37489160895347595 73
1755321456375 0.38416457176208496 74
1755321738813 0.37762442231178284 75
1755322020592 0.3777928054332733 76
1755322302011 0.3689013123512268 77
1755322581882 0.36551550030708313 78
1755322863050 0.36667147278785706 79
1755323169888 0.3710554242134094 80
1755323451702 0.37534505128860474 81
1755323731773 0.3644775450229645 82
1755324013560 0.359208345413208 83
1755324293843 0.35788995027542114 84
1755324572814 0.35600775480270386 85
1755324852047 0.3547070324420929 86
1755325131392 0.36463043093681335 87
1755325410418 0.3538327217102051 88
1755325689422 0.351107120513916 89
1755325994099 0.36237215995788574 90
1755326273500 0.35222795605659485 91
1755326552510 0.3448575437068939 92
1755326830630 0.3484220802783966 93
1755327110408 0.3378843367099762 94
1755327391934 0.35294634103775024 95
1755327678042 0.34311166405677795 96
1755327963378 0.34787869453430176 97
1755328250041 0.33817028999328613 98
1755328560004 0.3417356014251709 99
1755328841538 0.33910542726516724 100
1755329121200 0.34384357929229736 101
1755329401174 0.3380008935928345 102
1755329680812 0.3360186219215393 103
1755329960524 0.3316933512687683 104
1755330239134 0.33262890577316284 105
1755330519923 0.3342668414115906 106
1755330799334 0.3370928466320038 107
1755331105434 0.32086893916130066 108
1755331383470 0.3269388675689697 109
1755331662685 0.32078200578689575 110
1755331941168 0.32886528968811035 111
1755332219271 0.31886425614356995 112
1755332497856 0.31989821791648865 113
1755332776854 0.3200663626194 114
1755333054939 0.32077252864837646 115
1755333332183 0.3166857361793518 116
1755333641095 0.313119113445282 117
1755333919605 0.3179793953895569 118
1755334198081 0.3231939375400543 119
1755334475861 0.31377744674682617 120
1755334753968 0.31702864170074463 121
1755335031438 0.30427002906799316 122
1755335308935 0.3071426749229431 123
1755335585662 0.312226265668869 124
1755335863195 0.3208290636539459 125
1755336165998 0.3052944242954254 126
1755336442917 0.30474090576171875 127
1755336719645 0.30949416756629944 128
1755336996916 0.31101909279823303 129
1755337273839 0.3077359199523926 130
1755337550060 0.3030117154121399 131
1755337826896 0.30034440755844116 132
1755338104044 0.29724451899528503 133
1755338380990 0.3007025420665741 134
1755338681880 0.3003234267234802 135
1755338959142 0.30310559272766113 136
1755339236329 0.2951533794403076 137
1755339513587 0.2879943549633026 138
1755339789471 0.2980864942073822 139
1755340066750 0.29542261362075806 140
1755340342964 0.3016231656074524 141
1755340618754 0.29009580612182617 142
1755340893780 0.2927855849266052 143
1755341197304 0.28897207975387573 144
1755341473440 0.2922637462615967 145
1755341749581 0.29572510719299316 146
1755342024639 0.2832578718662262 147
1755342300990 0.28762635588645935 148
1755342576373 0.2890437841415405 149
1755342852498 0.28283488750457764 150
1755343129923 0.2832240164279938 151
1755343408272 0.2825837731361389 152
1755343710754 0.28167983889579773 153
1755343986433 0.28162291646003723 154
1755344262840 0.27620506286621094 155
1755344539595 0.2843591272830963 156
1755344814467 0.2819947898387909 157
1755345089439 0.2759850025177002 158
1755345364733 0.273488312959671 159
1755345640566 0.2811540365219116 160
1755345941387 0.282084584236145 161
1755346217200 0.27224037051200867 162
1755346493471 0.28483885526657104 163
1755346769513 0.26391032338142395 164
1755347044628 0.2733944356441498 165
1755347320833 0.2733457088470459 166
1755347595771 0.2636415362358093 167
1755347872080 0.27421459555625916 168
1755348173838 0.27092671394348145 169
1755348450144 0.26063692569732666 170
1755348725576 0.2650764584541321 171
1755349001948 0.26594796776771545 172
1755349276962 0.2613649368286133 173
1755349553397 0.2665748596191406 174
1755349829821 0.26082107424736023 175
1755350104876 0.2628518044948578 176
1755350407177 0.2632926404476166 177
1755350684744 0.252433717250824 178
1755350960423 0.26420319080352783 179
1755351235651 0.2670876979827881 180
1755351513049 0.25429606437683105 181
1755351790756 0.25749459862709045 182
1755352067876 0.25718456506729126 183
1755352342224 0.2599796950817108 184
1755352645082 0.25446662306785583 185
1755352921429 0.25442373752593994 186
1755353197691 0.2568228244781494 187
1755353472383 0.2550378441810608 188
1755353748902 0.2488294243812561 189
1755354025726 0.25203871726989746 190
1755354300988 0.25455567240715027 191
1755354576631 0.2512476444244385 192
1755354878440 0.2528515160083771 193
1755355154094 0.24880173802375793 194
1755355429442 0.24605433642864227 195
1755355705520 0.24948498606681824 196
1755355982754 0.24746999144554138 197
1755356258407 0.2494627684354782 198
1755356533752 0.24421723186969757 199
1755356811052 0.24250462651252747 200
1755357114463 0.24770624935626984 201
1755357391849 0.2488597184419632 202
1755357666760 0.24362631142139435 203
1755357944056 0.24386021494865417 204
1755358220632 0.2382662147283554 205
1755358496712 0.23977985978126526 206
1755358772496 0.23971930146217346 207
1755359075800 0.24651692807674408 208
1755359352125 0.24131132662296295 209
1755359627655 0.24087384343147278 210
1755359903945 0.23547349870204926 211
1755360181175 0.23769423365592957 212
1755360457702 0.23923790454864502 213
1755360732740 0.23761379718780518 214
1755361041874 0.23781287670135498 215
1755361318163 0.23298844695091248 216
1755361594304 0.23598241806030273 217
1755361870087 0.23967231810092926 218
1755362146889 0.23484456539154053 219
1755362423523 0.23460721969604492 220
1755362700625 0.23120233416557312 221
1755363001526 0.23287299275398254 222
1755363278643 0.23397162556648254 223
1755363555194 0.22281818091869354 224
1755363831379 0.23210576176643372 225
1755364106406 0.23304900527000427 226
1755364382933 0.22398953139781952 227
1755364659671 0.23044952750205994 228
1755364962449 0.22706922888755798 229
1755365238094 0.2298087179660797 230
1755365514372 0.23087194561958313 231
1755365790791 0.22881118953227997 232
1755366066195 0.22581493854522705 233
1755366343231 0.2299138456583023 234
1755366645501 0.224893257021904 235
1755366922557 0.2305797040462494 236
1755367198424 0.22770358622074127 237
1755367476163 0.22780391573905945 238
1755367753463 0.22332227230072021 239
1755368031123 0.2260127067565918 240
1755368335174 0.21783041954040527 241
1755368611456 0.21900781989097595 242
1755368887863 0.22489400207996368 243
1755369164583 0.223820298910141 244
1755369439583 0.2272181361913681 245
1755369715875 0.22364777326583862 246
1755370017526 0.2228902131319046 247
1755370293714 0.22333469986915588 248
1755370568395 0.222544863820076 249
1755370844369 0.22781583666801453 250
1755371121846 0.225561261177063 251
1755371398180 0.22185643017292023 252
1755371702950 0.22240567207336426 253
1755371980173 0.2215551733970642 254
1755372256538 0.2233104705810547 255
1755372531703 0.2207261025905609 256
1755372808338 0.22411076724529266 257
1755373111823 0.21909736096858978 258
1755373388309 0.21934783458709717 259
1755373663154 0.22165526449680328 260
1755373938844 0.21950596570968628 261
1755374215382 0.21801641583442688 262
1755374516823 0.2177296280860901 263
1755374791658 0.2172127068042755 264
1755375068235 0.21896013617515564 265
1755375344872 0.2191401571035385 266
1755375621605 0.21719826757907867 267
1755375922683 0.2223595529794693 268
1755376200464 0.21856799721717834 269
1755376477815 0.22223512828350067 270
1755376753714 0.21988999843597412 271
1755377059580 0.22170642018318176 272
1755377336717 0.21672680974006653 273
1755377613547 0.2198924720287323 274
1755377889235 0.21421954035758972 275
1755378190976 0.21822747588157654 276
1755378467961 0.2150801718235016 277
1755378743860 0.218267560005188 278
1755379018672 0.21428711712360382 279
1755379319199 0.22001297771930695 280
1755379596973 0.21717631816864014 281
1755379872697 0.22078171372413635 282
1755380174854 0.21637509763240814 283
1755380448841 0.21721944212913513 284
1755380724886 0.2161150574684143 285
1755381028089 0.21725833415985107 286
1755381303615 0.21750611066818237 287
1755381578043 0.21267542243003845 288
1755381881774 0.21998651325702667 289
1755382158085 0.22073225677013397 290
1755382461774 0.2171781212091446 291
1755382741015 0.21887163817882538 292
1755383050215 0.2166222333908081 293
1755383333443 0.2124861478805542 294
1755383641673 0.21557581424713135 295
1755383920471 0.2162938117980957 296
1755384224223 0.21010375022888184 297
1755384530131 0.2210870385169983 298
1755384831645 0.21565043926239014 299
