1755214707720 0.7780165672302246 0
1755214994684 0.6230813264846802 1
1755215281032 0.6268637180328369 2
1755215562685 0.6046960353851318 3
1755215847712 0.5697091221809387 4
1755216130376 0.559389591217041 5
1755216412024 0.5375301241874695 6
1755216693065 0.5319927334785461 7
1755216975584 0.5150001645088196 8
1755217259107 0.5316399335861206 9
1755217582419 0.5149755477905273 10
1755217863341 0.5141095519065857 11
1755218146036 0.49827608466148376 12
1755218428166 0.5087255239486694 13
1755218707284 0.4980550706386566 14
1755218989028 0.48193371295928955 15
1755219273362 0.49477219581604004 16
1755219556762 0.48190179467201233 17
1755219838981 0.49153009057044983 18
1755220121061 0.4686429500579834 19
1755220437289 0.468336284160614 20
1755220717536 0.4663529396057129 21
1755220997225 0.4599783420562744 22
1755221276683 0.48152148723602295 23
1755221558604 0.4566318690776825 24
1755221840470 0.46556219458580017 25
1755222122058 0.4526602029800415 26
1755222404013 0.44391193985939026 27
1755222691332 0.4461582899093628 28
1755222977155 0.4405035078525543 29
1755223296998 0.4380597472190857 30
1755223577280 0.4637609124183655 31
1755223863224 0.4392390251159668 32
1755224150730 0.4334583878517151 33
1755224442803 0.44161882996559143 34
1755224733398 0.430879682302475 35
1755225022907 0.435750812292099 36
1755225309382 0.43166691064834595 37
1755225592776 0.4364212453365326 38
1755225876375 0.4196756184101105 39
1755226196503 0.43749919533729553 40
1755226479901 0.4266026020050049 41
1755226763220 0.4240204691886902 42
1755227044232 0.4203212857246399 43
1755227326839 0.4105890393257141 44
1755227608533 0.41170862317085266 45
1755227889913 0.4136238992214203 46
1755228172826 0.409424751996994 47
1755228455964 0.40920716524124146 48
1755228737997 0.40618765354156494 49
1755229055605 0.40943509340286255 50
1755229336050 0.41689103841781616 51
1755229617032 0.41046369075775146 52
1755229898193 0.39878058433532715 53
1755230180471 0.4037179946899414 54
1755230461964 0.3932763934135437 55
1755230742943 0.3900369107723236 56
1755231023403 0.4046715497970581 57
1755231303035 0.3875484764575958 58
1755231583814 0.3854699730873108 59
1755231904341 0.395773708820343 60
1755232185456 0.38803133368492126 61
1755232465079 0.3895929157733917 62
1755232754646 0.3952530026435852 63
1755233035688 0.3871421813964844 64
1755233317289 0.3777740001678467 65
1755233599719 0.38630807399749756 66
1755233884741 0.382136732339859 67
1755234171056 0.3745173215866089 68
1755234456205 0.36900073289871216 69
1755234776128 0.38308602571487427 70
1755235060443 0.38520774245262146 71
1755235346428 0.3735405504703522 72
1755235633649 0.3659411072731018 73
1755235920830 0.3689068853855133 74
1755236209217 0.3703435957431793 75
1755236494943 0.36339548230171204 76
1755236780415 0.36722326278686523 77
1755237064836 0.36245837807655334 78
1755237349984 0.3605758547782898 79
1755237675655 0.3665538430213928 80
1755237964927 0.35968196392059326 81
1755238254278 0.34969061613082886 82
1755238538540 0.35091811418533325 83
1755238827010 0.3536258041858673 84
1755239115608 0.35010775923728943 85
1755239402638 0.3508380651473999 86
1755239687996 0.34270405769348145 87
1755239976038 0.34488317370414734 88
1755240263501 0.34694594144821167 89
1755240584314 0.34740009903907776 90
1755240866414 0.3429000675678253 91
1755241148934 0.3403056859970093 92
1755241431333 0.3472055196762085 93
1755241714097 0.3400559723377228 94
1755242007443 0.3370746076107025 95
1755242290821 0.3371860980987549 96
1755242575615 0.3431031107902527 97
1755242864308 0.3343125581741333 98
1755243204203 0.3289327323436737 99
1755243493460 0.3367767632007599 100
1755243782013 0.3326586186885834 101
1755244067564 0.32819756865501404 102
1755244350030 0.3211420774459839 103
1755244633304 0.3242957592010498 104
1755244916855 0.3282104730606079 105
1755245199298 0.32332339882850647 106
1755245479545 0.3188725411891937 107
1755245800540 0.32421764731407166 108
1755246083205 0.3256896138191223 109
1755246365943 0.319844514131546 110
1755246647305 0.3243325352668762 111
1755246929347 0.3153556287288666 112
1755247212164 0.32134339213371277 113
1755247497616 0.3089338541030884 114
1755247777725 0.3124774694442749 115
1755248060253 0.31114673614501953 116
1755248377855 0.32331982254981995 117
1755248659896 0.30516332387924194 118
1755248949224 0.3105480968952179 119
1755249238576 0.311819463968277 120
1755249520409 0.31216609477996826 121
1755249803525 0.30892178416252136 122
1755250088101 0.3091990649700165 123
1755250368810 0.30740225315093994 124
1755250664416 0.307180792093277 125
1755250987576 0.30800315737724304 126
1755251273865 0.2986610233783722 127
1755251555558 0.2980966567993164 128
1755251838336 0.30327993631362915 129
1755252121184 0.2993953227996826 130
1755252407534 0.30333200097084045 131
1755252695670 0.29712072014808655 132
1755252984986 0.29180824756622314 133
1755253275422 0.29820355772972107 134
1755253598190 0.29848793148994446 135
1755253884121 0.29616570472717285 136
1755254167646 0.2929604649543762 137
1755254450759 0.29472506046295166 138
1755254734772 0.2845118045806885 139
1755255016051 0.2833612263202667 140
1755255299369 0.289634644985199 141
1755255582419 0.28396448493003845 142
1755255865317 0.28630736470222473 143
1755256188387 0.28719449043273926 144
1755256472480 0.28681424260139465 145
1755256754067 0.28342175483703613 146
1755257043170 0.2796730101108551 147
1755257323597 0.27628445625305176 148
1755257604140 0.285413533449173 149
1755257885458 0.2815282642841339 150
1755258166938 0.27689406275749207 151
1755258446889 0.27427902817726135 152
1755258764000 0.27193835377693176 153
1755259046547 0.27810484170913696 154
1755259328239 0.2746933400630951 155
1755259609521 0.2855425179004669 156
1755259891326 0.2702409625053406 157
1755260172179 0.2729226052761078 158
1755260453157 0.27018922567367554 159
1755260731971 0.2671586275100708 160
1755261046317 0.2694866955280304 161
1755261328616 0.26424697041511536 162
1755261608547 0.2665925920009613 163
1755261888421 0.26657620072364807 164
1755262167189 0.2663725018501282 165
1755262447330 0.2604936957359314 166
1755262730408 0.2611200511455536 167
1755263021564 0.2624005377292633 168
1755263341114 0.2635667324066162 169
1755263621102 0.2618602514266968 170
1755263903546 0.26315101981163025 171
1755264185103 0.25865888595581055 172
1755264465173 0.2635078430175781 173
1755264746198 0.2541947364807129 174
1755265034876 0.2541758418083191 175
1755265318030 0.25950297713279724 176
1755265637730 0.2521549463272095 177
1755265921486 0.2522259056568146 178
1755266205537 0.25590914487838745 179
1755266488564 0.25295886397361755 180
1755266768580 0.2541925013065338 181
1755267049747 0.2565423846244812 182
1755267334016 0.25022634863853455 183
1755267614106 0.24933674931526184 184
1755267927864 0.24686409533023834 185
1755268209602 0.2514234781265259 186
1755268490164 0.2511088252067566 187
1755268771451 0.24465888738632202 188
1755269052697 0.2519301772117615 189
1755269334170 0.2432822287082672 190
1755269613948 0.24257564544677734 191
1755269895818 0.24697811901569366 192
1755270215893 0.24380718171596527 193
1755270499039 0.24053674936294556 194
1755270780484 0.24361644685268402 195
1755271061115 0.24341221153736115 196
1755271342049 0.23711268603801727 197
1755271622619 0.23844516277313232 198
1755271905822 0.23794612288475037 199
1755272186330 0.23699690401554108 200
1755272517804 0.24183455109596252 201
1755272797222 0.2373468428850174 202
1755273087904 0.2385803610086441 203
1755273368533 0.23435600101947784 204
1755273652917 0.2313205748796463 205
1755273933556 0.23491930961608887 206
1755274213685 0.23994168639183044 207
1755274530877 0.238258957862854 208
1755274811435 0.2332523912191391 209
1755275091175 0.23535385727882385 210
1755275371514 0.2360910028219223 211
1755275651485 0.2347518503665924 212
1755275932322 0.23560921847820282 213
1755276209926 0.2337551862001419 214
1755276525380 0.22527873516082764 215
1755276806667 0.2319936752319336 216
1755277086922 0.226210355758667 217
1755277370872 0.22769847512245178 218
1755277650701 0.22806194424629211 219
1755277931325 0.2213825136423111 220
1755278221590 0.228485569357872 221
1755278545088 0.23009788990020752 222
1755278822628 0.22510311007499695 223
1755279106269 0.22635497152805328 224
1755279385484 0.2254847288131714 225
1755279664677 0.22750502824783325 226
1755279944745 0.2223251760005951 227
1755280224999 0.2196718454360962 228
1755280549831 0.22525720298290253 229
1755280829185 0.22415368258953094 230
1755281113557 0.22646819055080414 231
1755281392160 0.2203955203294754 232
1755281672195 0.2210715115070343 233
1755281956768 0.22109372913837433 234
1755282271958 0.21539972722530365 235
1755282550628 0.22498798370361328 236
1755282828588 0.21638497710227966 237
1755283107613 0.2215179204940796 238
1755283386345 0.2241671234369278 239
1755283665208 0.221438929438591 240
1755283981318 0.2171534299850464 241
1755284259188 0.21731284260749817 242
1755284539112 0.21640631556510925 243
1755284817959 0.21593472361564636 244
1755285096531 0.22111308574676514 245
1755285374751 0.2129323035478592 246
1755285688498 0.21585354208946228 247
1755285967461 0.21501263976097107 248
1755286247418 0.2173675000667572 249
1755286527654 0.21790702641010284 250
1755286805259 0.21487562358379364 251
1755287086246 0.21187999844551086 252
1755287399113 0.2166423350572586 253
1755287677833 0.21406807005405426 254
1755287961647 0.21302397549152374 255
1755288240789 0.2181040346622467 256
1755288520306 0.2130979597568512 257
1755288833491 0.2157813459634781 258
1755289112405 0.21231168508529663 259
1755289390351 0.21409694850444794 260
1755289668629 0.2168167531490326 261
1755289947356 0.21693482995033264 262
1755290264809 0.21106575429439545 263
1755290542427 0.2149849236011505 264
1755290822216 0.21218502521514893 265
1755291113002 0.21564185619354248 266
1755291391579 0.21188059449195862 267
1755291709940 0.21379755437374115 268
1755291993493 0.21076738834381104 269
1755292278980 0.21123452484607697 270
1755292566851 0.21622073650360107 271
1755292893752 0.2153121381998062 272
1755293180465 0.2124013900756836 273
1755293468521 0.2145301103591919 274
1755293750262 0.21267352998256683 275
1755294067541 0.21498313546180725 276
1755294348865 0.21255901455879211 277
1755294630095 0.21343263983726501 278
1755294910076 0.20995385944843292 279
1755295227560 0.21191297471523285 280
1755295506451 0.2116061896085739 281
1755295787003 0.20933318138122559 282
1755296103644 0.21500803530216217 283
1755296383542 0.21226802468299866 284
1755296663283 0.21362678706645966 285
1755296975431 0.21268212795257568 286
1755297254472 0.21130123734474182 287
1755297544047 0.2144714891910553 288
1755297856998 0.20921380817890167 289
1755298136811 0.21591052412986755 290
1755298441993 0.2120785415172577 291
1755298723209 0.21122951805591583 292
1755299029640 0.2118763029575348 293
1755299311188 0.20964547991752625 294
1755299616524 0.20579518377780914 295
1755299897659 0.20723997056484222 296
1755300204597 0.20954181253910065 297
